Level 1
4
[[0,0],[0,5]] [[0,5],[6,5]] [[6,5],[6,0]] [[6,0],[0,0]]
[3.0,4.5]
[3.0,2.5]
[3.0,0.5]

Level 2
4
[[0,0],[0,4]] [[0,4],[5,4]] [[5,4],[5,0]] [[5,0],[0,0]]
[2.0,3.5]
[2.5,3.0]
[2.5,1.0]

Level 3
4
[[0,0],[0,6]] [[0,6],[6,6]] [[6,6],[6,0]] [[6,0],[0,0]]
[1.0,1.0] [1.0,5.0] [5.0,5.0] [5.0,1.0]
[2.0,2.0] [2.0,4.0] [4.0,4.0] [4.0,2.0]
[3.0,3.0]

Level 4
4
[[0,0],[0,4]] [[0,4],[4,4]] [[4,4],[4,0]] [[4,0],[0,0]]
[1,3.5] [3,3.5]
[1.25,2.25] [2.75,2.25]
[2,0.75]

Level 5
5
[[0,0],[0,7]] [[0,7],[5,7]] [[5,7],[5,0]] [[5,0],[0,0]]
[2.5,6.5]
[2.5,2.5]
[2.5,0.5]
[[2,4],[2,5]] [[2,5],[3,5]] [[3,5],[3,4]] [[3,4],[2,4]]

Level 6
7
[[0,0],[0,8] [[0,8],[6,8]] [[6,8],[6,0]] [[6,0],[0,0]]
[1.0,7.5] [2.0,7.5] [3.0,7.5] [4.0,7.5] [5.0,7.5]
[1.75,5.5] [3.0,5.5] [4.25,5.5] [1.75,2.5] [4.25,2.5]
[3.0,3.5]
[[0.75,2.25],[0.374,2.3868]] [[0.374,2.3868],[0.9725,4.031]] [[0.9725,4.031],[1.3485,3.8945]] [[1.3485,3.8945],[0.75,2.25]]
[[5.25,2.25],[4.65,3.8945]] [[4.65,3.8945],[5.0259,4.031]] [[5.0259,4.031],[5.6259,2.3868]] [[5.6259,2.3868],[5.25,2.25]]
[[2.8,0.25],[2.8,1.25]] [[2.8,1.25],[3.2,1.25]] [[3.2,1.25],[3.2,0.25]] [[3.2,0.25],[2.8,0.25]]