Level 1
4
[[0,0],[0,4]] [[0,4],[12,4]] [[12,4],[12,0]] [[12,0],[0,0]]
[6.0,3.5]
[6.0,2.5]
[6.0,0.5]

Level 2
4
[[0,0],[0,4]] [[0,4],[12,4]] [[12,4],[12,0]] [[12,0],[0,0]]
[6.0,3.5] [5.0,3.5]
[6.0,2.5] [5.0,2.5]
[6.0,0.5]

Level 3
4
[[0,0],[0,4]] [[0,4],[12,4]] [[12,4],[12,0]] [[12,0],[0,0]]
[6.0,3.5] [5.0,3.5] [7.0,3.5]
[6.0,2.5] [5.0,2.5] [7.0,2.5]
[6.0,0.5] 

Level 4
4
[[0,0],[0,4]] [[0,4],[12,4]] [[12,4],[12,0]] [[12,0],[0,0]]
[6.0,3.5] [5.0,3.5] [7.0,3.5] [4.0,3.5]
[6.0,2.5] [5.0,2.5] [7.0,2.5] [4.0,2.5]
[6.0,0.5] 

Level 5
4
[[0,0],[0,4]] [[0,4],[12,4]] [[12,4],[12,0]] [[12,0],[0,0]]
[6.0,3.5] [5.0,3.5] [7.0,3.5] [4.0,3.5] [8.0,3.5]
[6.0,2.5] [5.0,2.5] [7.0,2.5] [4.0,2.5] [8.0,2.5]
[6.0,0.5] 


Level 6
4
[[0,0],[0,4]] [[0,4],[12,4]] [[12,4],[12,0]] [[12,0],[0,0]]
[6.0,3.5] [5.0,3.5] [7.0,3.5] [4.0,3.5] [8.0,3.5] [3.0,3.5]
[6.0,2.5] [5.0,2.5] [7.0,2.5] [4.0,2.5] [8.0,2.5] [3.0,2.5]
[6.0,0.5] 


Level 7
4
[[0,0],[0,4]] [[0,4],[12,4]] [[12,4],[12,0]] [[12,0],[0,0]]
[6.0,3.5] [5.0,3.5] [7.0,3.5] [4.0,3.5] [8.0,3.5] [3.0,3.5] [9.0,3.5]
[6.0,2.5] [5.0,2.5] [7.0,2.5] [4.0,2.5] [8.0,2.5] [3.0,2.5] [9.0,2.5]
[6.0,0.5] 

Level 8
4
[[0,0],[0,4]] [[0,4],[12,4]] [[12,4],[12,0]] [[12,0],[0,0]]
[6.0,3.5] [5.0,3.5] [7.0,3.5] [4.0,3.5] [8.0,3.5] [3.0,3.5] [9.0,3.5] [2.0,3.5]
[6.0,2.5] [5.0,2.5] [7.0,2.5] [4.0,2.5] [8.0,2.5] [3.0,2.5] [9.0,2.5] [2.0,2.5]
[6.0,0.5] 


Level 9
4
[[0,0],[0,4]] [[0,4],[12,4]] [[12,4],[12,0]] [[12,0],[0,0]]
[6.0,3.5] [5.0,3.5] [7.0,3.5] [4.0,3.5] [8.0,3.5] [3.0,3.5] [9.0,3.5] [2.0,3.5] [10.0,3.5]
[6.0,2.5] [5.0,2.5] [7.0,2.5] [4.0,2.5] [8.0,2.5] [3.0,2.5] [9.0,2.5] [2.0,2.5] [10.0,2.5]
[6.0,0.5] 

Level 10
4
[[0,0],[0,4]] [[0,4],[12,4]] [[12,4],[12,0]] [[12,0],[0,0]]
[6.0,3.5] [5.0,3.5] [7.0,3.5] [4.0,3.5] [8.0,3.5] [3.0,3.5] [9.0,3.5] [2.0,3.5] [10.0,3.5] [1.0,3.5]
[6.0,2.5] [5.0,2.5] [7.0,2.5] [4.0,2.5] [8.0,2.5] [3.0,2.5] [9.0,2.5] [2.0,2.5] [10.0,2.5] [1.0,2.5]
[6.0,0.5] 